# Blender v2.77 (sub 0) OBJ File: 'kuutiot.blend'
# www.blender.org
o Cube
v 2.895620 0.000327 -2.895620
v 2.895620 0.000327 2.895620
v -2.895620 0.000327 2.895619
v -2.895619 0.000327 -2.895621
v 2.895621 5.791567 -2.895618
v 2.895618 5.791567 2.895622
v -2.895621 5.791567 2.895619
v 1.342312 0.747023 2.191031
v 1.776680 1.285505 1.748711
v 1.002330 0.455808 1.502633
v 1.436698 0.994289 1.060314
v 1.950605 0.199742 2.122128
v 2.384974 0.738224 1.679809
v 1.610623 -0.091473 1.433731
v 2.044992 0.447009 0.991411
v 1.220990 0.765934 2.689524
v 1.044549 1.511904 2.983941
v 0.843464 0.954641 1.985145
v 0.667023 1.700612 2.279562
v 1.928541 1.052643 2.387109
v 1.752100 1.798614 2.681526
v 1.551015 1.241351 1.682730
v 1.374574 1.987321 1.977147
v 2.295998 1.049888 2.190621
v 2.517428 1.324343 2.318752
v 2.001723 1.282409 2.201116
v 2.223152 1.556865 2.329247
v 2.367727 1.156577 1.838135
v 2.589157 1.431032 1.966265
v 2.073452 1.389098 1.848630
v 2.294881 1.663553 1.976760
vn 0.0000 1.0000 0.0000
vn -1.0000 -0.0000 -0.0000
vn 0.0000 0.0000 -1.0000
vn -0.7408 0.6665 0.0839
vn -0.4140 -0.3546 -0.8383
vn 0.7408 -0.6665 -0.0839
vn 0.4140 0.3546 0.8383
vn -0.5290 -0.6558 0.5387
vn 0.5290 0.6558 -0.5387
vn -0.8617 -0.3492 0.3683
vn -0.4598 0.2298 -0.8578
vn 0.8617 0.3492 -0.3683
vn 0.4598 -0.2298 0.8578
vn 0.2149 -0.9084 -0.3585
vn -0.2149 0.9084 0.3585
vn -0.1912 -0.2844 0.9395
vn -0.7843 0.6197 0.0280
vn 0.1912 0.2844 -0.9395
vn 0.7843 -0.6197 -0.0280
vn -0.5902 -0.7315 -0.3415
vn 0.5902 0.7315 0.3415
f 1//1 4//1 3//1 2//1
f 1//2 2//2 6//2 5//2
f 2//3 3//3 7//3 6//3
f 9//4 11//4 10//4 8//4
f 11//5 15//5 14//5 10//5
f 15//6 13//6 12//6 14//6
f 13//7 9//7 8//7 12//7
f 8//8 10//8 14//8 12//8
f 13//9 15//9 11//9 9//9
f 17//10 19//10 18//10 16//10
f 19//11 23//11 22//11 18//11
f 23//12 21//12 20//12 22//12
f 21//13 17//13 16//13 20//13
f 16//14 18//14 22//14 20//14
f 21//15 23//15 19//15 17//15
f 25//16 27//16 26//16 24//16
f 27//17 31//17 30//17 26//17
f 31//18 29//18 28//18 30//18
f 29//19 25//19 24//19 28//19
f 24//20 26//20 30//20 28//20
f 29//21 31//21 27//21 25//21
